INPUT:
==============================
testImmutability
14598

==============================

testSorting
5
8 12 3 66 17

OUTPUT:
==============================
6
14 9 9 7 10 10
[14, 9, 9, 7, 10, 10]
59
9.83
6
14 9 9 7 10 10
[14, 9, 9, 7, 10, 10]
59
9.83
6
14 9 9 7 10 10
[14, 9, 9, 7, 10, 10]
59
9.83
6
7 9 9 10 10 14
[7, 9, 9, 10, 10, 14]
59
9.83
6
7 9 9 10 10 14
[7, 9, 9, 10, 10, 14]
59
9.83
6
14 9 9 7 10 10
[14, 9, 9, 7, 10, 10]
59
9.83
6
14 9 9 7 10 10
[14, 9, 9, 7, 10, 10]
59
9.83
6
14 9 9 7 10 10
[14, 9, 9, 7, 10, 10]
59
9.83

==============================

[3, 8, 12, 17, 66]